[ 5.49616474  5.49616474 16.93297725  5.49616474  5.49616474  4.58035502
 16.93297725  5.49616474 -4.40276765  4.58035502 -2.7672972   5.49616474
 16.93297725 -3.86485095 16.93297725 16.93297725 16.93297725 16.93297725
 16.93297725 -2.7672972   4.58035502  4.58035502  5.49616474  4.58035502
  5.49616474 16.93297725 16.93297725  5.49616474 16.93297725 16.93297725
  5.49616474 16.93297725  5.49616474  5.49616474  5.49616474  4.58035502
  4.58035502 -4.40276765 16.93297725 16.93297725 -4.40276072  5.49616474
 -4.40276072 -4.40276072  4.58035502 16.93297725 16.93297725 16.93297725
  5.49616474 16.93297725 16.93297725  5.49616474 -4.41266692  4.58035502
  4.58035502 16.93297725  5.49616474 -3.86485095 16.93297725  5.49616474
  5.49616474  5.49616474  5.49616474 16.93297725 16.93297725  4.58035502
  4.58035502 -4.41266692 16.93297725  5.49616474 16.93297725  5.49616474
  5.49616474  5.49616474  4.58035502 16.93297725  5.49616474  5.49616474
 -3.86485095  5.49616474 -4.41266692 -2.7672972  16.93297725  5.49616474
 16.93297725 -3.86485095  5.49616474  5.49616474  4.58035502 16.93297725
 16.93297725 16.93297725 16.93297725  5.49616474  5.49616474  5.49616474
 -4.40276765 16.93297725  5.49616474 16.93297725  4.58035502 16.93297725
  4.58035502 16.93297725]
104
