[[-0.02694927 -0.12488036 -0.02686212]
 [-0.02694927 -0.12488036 -0.02686212]
 [ 0.00498707  0.07882336 -0.07323528]
 [-0.02694927 -0.12488036 -0.02686212]
 [-0.02694927 -0.12488036 -0.02686212]
 [-0.11886577  0.07004875  0.08607122]
 [ 0.00498707  0.07882336 -0.07323528]
 [-0.02694927 -0.12488036 -0.02686212]
 [ 0.08396882 -0.09397269  0.34792742]
 [-0.11886577  0.07004875  0.08607122]
 [-0.06340672  0.08550258  0.27346599]
 [-0.02694927 -0.12488036 -0.02686212]
 [ 0.00498707  0.07882336 -0.07323528]
 [ 0.3316745  -0.07642347  0.0293144 ]
 [ 0.00498707  0.07882336 -0.07323528]
 [ 0.00498707  0.07882336 -0.07323528]
 [ 0.00498707  0.07882336 -0.07323528]
 [ 0.00498707  0.07882336 -0.07323528]
 [ 0.00498707  0.07882336 -0.07323528]
 [-0.06340672  0.08550258  0.27346599]
 [-0.11886577  0.07004875  0.08607122]
 [-0.11886577  0.07004875  0.08607122]
 [-0.02694927 -0.12488036 -0.02686212]
 [-0.11886577  0.07004875  0.08607122]
 [-0.02694927 -0.12488036 -0.02686212]
 [ 0.00498707  0.07882336 -0.07323528]
 [ 0.00498707  0.07882336 -0.07323528]
 [-0.02694927 -0.12488036 -0.02686212]
 [ 0.00498707  0.07882336 -0.07323528]
 [ 0.00498707  0.07882336 -0.07323528]
 [-0.02694927 -0.12488036 -0.02686212]
 [ 0.00498707  0.07882336 -0.07323528]
 [-0.02694927 -0.12488036 -0.02686212]
 [-0.02694927 -0.12488036 -0.02686212]
 [-0.02694927 -0.12488036 -0.02686212]
 [-0.11886577  0.07004875  0.08607122]
 [-0.11886577  0.07004875  0.08607122]
 [ 0.08396882 -0.09397269  0.34792742]
 [ 0.00498707  0.07882336 -0.07323528]
 [ 0.00498707  0.07882336 -0.07323528]
 [ 0.18429896  0.1030518  -0.04514702]
 [-0.02694927 -0.12488036 -0.02686212]
 [ 0.18429896  0.1030518  -0.04514702]
 [ 0.18429896  0.1030518  -0.04514702]
 [-0.11886577  0.07004875  0.08607122]
 [ 0.00498707  0.07882336 -0.07323528]
 [ 0.00498707  0.07882336 -0.07323528]
 [ 0.00498707  0.07882336 -0.07323528]
 [-0.02694927 -0.12488036 -0.02686212]
 [ 0.00498707  0.07882336 -0.07323528]
 [ 0.00498707  0.07882336 -0.07323528]
 [-0.02694927 -0.12488036 -0.02686212]
 [ 0.239758    0.11850564  0.14224775]
 [-0.11886577  0.07004875  0.08607122]
 [-0.11886577  0.07004875  0.08607122]
 [ 0.00498707  0.07882336 -0.07323528]
 [-0.02694927 -0.12488036 -0.02686212]
 [ 0.3316745  -0.07642347  0.0293144 ]
 [ 0.00498707  0.07882336 -0.07323528]
 [-0.02694927 -0.12488036 -0.02686212]
 [-0.02694927 -0.12488036 -0.02686212]
 [-0.02694927 -0.12488036 -0.02686212]
 [-0.02694927 -0.12488036 -0.02686212]
 [ 0.00498707  0.07882336 -0.07323528]
 [ 0.00498707  0.07882336 -0.07323528]
 [-0.11886577  0.07004875  0.08607122]
 [-0.11886577  0.07004875  0.08607122]
 [ 0.239758    0.11850564  0.14224775]
 [ 0.00498707  0.07882336 -0.07323528]
 [-0.02694927 -0.12488036 -0.02686212]
 [ 0.00498707  0.07882336 -0.07323528]
 [-0.02694927 -0.12488036 -0.02686212]
 [-0.02694927 -0.12488036 -0.02686212]
 [-0.02694927 -0.12488036 -0.02686212]
 [-0.11886577  0.07004875  0.08607122]
 [ 0.00498707  0.07882336 -0.07323528]
 [-0.02694927 -0.12488036 -0.02686212]
 [-0.02694927 -0.12488036 -0.02686212]
 [ 0.3316745  -0.07642347  0.0293144 ]
 [-0.02694927 -0.12488036 -0.02686212]
 [ 0.239758    0.11850564  0.14224775]
 [-0.06340672  0.08550258  0.27346599]
 [ 0.00498707  0.07882336 -0.07323528]
 [-0.02694927 -0.12488036 -0.02686212]
 [ 0.00498707  0.07882336 -0.07323528]
 [ 0.3316745  -0.07642347  0.0293144 ]
 [-0.02694927 -0.12488036 -0.02686212]
 [-0.02694927 -0.12488036 -0.02686212]
 [-0.11886577  0.07004875  0.08607122]
 [ 0.00498707  0.07882336 -0.07323528]
 [ 0.00498707  0.07882336 -0.07323528]
 [ 0.00498707  0.07882336 -0.07323528]
 [ 0.00498707  0.07882336 -0.07323528]
 [-0.02694927 -0.12488036 -0.02686212]
 [-0.02694927 -0.12488036 -0.02686212]
 [-0.02694927 -0.12488036 -0.02686212]
 [ 0.08396882 -0.09397269  0.34792742]
 [ 0.00498707  0.07882336 -0.07323528]
 [-0.02694927 -0.12488036 -0.02686212]
 [ 0.00498707  0.07882336 -0.07323528]
 [-0.11886577  0.07004875  0.08607122]
 [ 0.00498707  0.07882336 -0.07323528]
 [-0.11886577  0.07004875  0.08607122]
 [ 0.00498707  0.07882336 -0.07323528]]
(104, 3)
